Etap 1:
1 2 3 4 
1 2 
1 2 3 4 
2 5 8 11 14 17 20 23 26 29 
2 5 8 11 14 17 20 23 26 29 
1 2 3 4 5 6 7 8 9 10 11 12 13 14 15 16 17 18 19 20 
-6 -3 0 3 6 9 12 15 18 21 
-10 -6 -10 -6 

Etap 2:
1 2 3 1 2 3 1 2 3 
2 5 8 11 14 17 20 23 26 29 32 35 38 41 44 47 50 53 56 59 
1 2 3 4 5 6 7 8 9 10 11 12 13 14 15 16 17 18 19 20 
LastOrDefault:
3
0
LimitSeq:
2 5 8 11 14 17 20 23 26 29 

Etap 3:
13
13
36
0
0
NotDividingNeighboursSubsequence
2 5 8 11 14 17 20 23 26 29 
2 5 13 2 

2 

Etap 4:
1 -1 2 -2 3 -3 4 -4 

2 1 5 2 8 3 11 4 14 5 17 6 20 7 23 8 26 9 29 10 
2 5 8 11 14 17 20 23 26 29 32 35 38 41 44 47 50 53 56 59 
2 5 8 11 14 17 20 23 26 29 32 35 38 41 44 47 50 53 56 59 
-1 2 -2 5 -3 8 11 14 17 20 23 26 29 32 35 38 41 44 47 50 
2 -1 5 -2 8 -3 11 -4 14 17 20 23 26 29 32 35 38 41 44 47 

Etap 5:
True
False
False
True
True
True
True
False
False
False
False
False
True
True
False
